python -m pickle data1.pickle

data #[次元数, 次元数, ...]
├─answer_models # 出力系列を生成したモデル（正解ラベル）[p,]
├─output # 出力系列 [p, t]
└─models # 定義済みHMM
  ├─PI # 初期確率 [k, l, 1]
  ├─A # 状態遷移確率行列 [k, l, l]
  └─B # 出力確率 [k, l, n]


p=100:実践回数, t=100:遷移回数
k=5:モデル数, l=3:状態数, n=5:出力記号数

Bなら、
{[ , , , , ],
[ , , , , ],
[ , , , , ]}
が5個みたいな感じ

{'answer_models': array([1, 3, 3, 4, 0, 2, 4, 4, 4, 0, 2, 4, 3, 0, 2, 3, 0, 2, 1, 1, 2, 4,
       3, 0, 1, 0, 4, 3, 0, 4, 2, 0, 4, 0, 4, 2, 1, 0, 3, 2, 4, 2, 4, 2,
       4, 3, 0, 1, 3, 4, 0, 1, 3, 0, 2, 3, 4, 2, 2, 0, 4, 2, 2, 1, 0, 2,
       3, 3, 4, 1, 3, 4, 4, 4, 1, 2, 2, 0, 1, 3, 1, 3, 3, 0, 2, 1, 1, 1,
       0, 1, 3, 2, 1, 1, 3, 3, 0, 1, 0, 1], dtype=uint8),

一度状態s2になったら、ずっとs2
Left-to-Right HMM
 'models': {'A': [array([[0.45159272, 0.54840728, 0.        ],
       [0.        , 0.53568699, 0.46431301],
       [0.        , 0.        , 1.        ]]),
                  array([[0.88411483, 0.11588517, 0.        ],
       [0.        , 0.46174757, 0.53825243],
       [0.        , 0.        , 1.        ]]),
                  array([[0.65412212, 0.34587788, 0.        ],
       [0.        , 0.58670199, 0.41329801],
       [0.        , 0.        , 1.        ]]),
                  array([[0.69175789, 0.30824211, 0.        ],
       [0.        , 0.57426478, 0.42573522],
       [0.        , 0.        , 1.        ]]),
                  array([[0.36285498, 0.63714502, 0.        ],
       [0.        , 0.62458243, 0.37541757],
       [0.        , 0.        , 1.        ]])],


            'B': [array([[0.01935671, 0.3931581 , 0.08231828, 0.05293878, 0.45222813],
       [0.00097065, 0.17422113, 0.37105636, 0.20240682, 0.25134505],
       [0.12568996, 0.09176395, 0.31818003, 0.36553307, 0.09883298]]),
                  array([[0.36415677, 0.35340794, 0.12628013, 0.07057154, 0.08558362],
       [0.13504318, 0.26421254, 0.03728639, 0.40726359, 0.1561943 ],
       [0.31855766, 0.15480696, 0.02578235, 0.24064695, 0.26020608]]),
                  array([[0.17748625, 0.15031269, 0.24540485, 0.22908332, 0.19771289],
       [0.08338589, 0.26618972, 0.29663498, 0.0099821 , 0.34380731],
       [0.18775237, 0.14105213, 0.13263018, 0.43196439, 0.10660093]]),
                  array([[0.49260949, 0.15180216, 0.03894508, 0.13977254, 0.17687073],
       [0.30347169, 0.00656609, 0.38201819, 0.01140038, 0.29654365],
       [0.26453678, 0.05888129, 0.17994934, 0.35194856, 0.14468403]]),
                  array([[0.32600488, 0.35750739, 0.023943  , 0.08976022, 0.2027845 ],
       [0.31886227, 0.20648725, 0.05330711, 0.08216562, 0.33917775],
       [0.23454828, 0.27651815, 0.24633329, 0.20208925, 0.04051103]])],

初期は絶対に状態s0
            'PI': [array([[1],
       [0],
       [0]], dtype=uint8),
                   array([[1],
       [0],
       [0]], dtype=uint8),
                   array([[1],
       [0],
       [0]], dtype=uint8),
                   array([[1],
       [0],
       [0]], dtype=uint8),
                   array([[1],
       [0],
       [0]], dtype=uint8)]},
 'output': [array([0, 4, 2, 0, 2, 3, 0, 1, 3, 0, 4, 3, 0, 4, 1, 3, 0, 1, 1, 4, 3, 4,
       3, 0, 1, 1, 0, 3, 0, 1, 4, 1, 3, 3, 4, 4, 3, 4, 4, 3, 0, 3, 0, 0,
       0, 1, 2, 3, 3, 0, 2, 0, 3, 3, 4, 3, 4, 4, 0, 3, 1, 0, 4, 0, 4, 0,
       4, 1, 0, 3, 0, 4, 1, 3, 3, 3, 0, 4, 4, 1, 4, 3, 4, 0, 1, 1, 0, 3,
       3, 1, 1, 4, 4, 0, 3, 3, 3, 4, 0, 0], dtype=uint8),
            array([4, 2, 0, 3, 4, 3, 0, 0, 3, 3, 3, 3, 0, 0, 3, 2, 0, 3, 2, 0, 0, 0,
       3, 2, 3, 0, 3, 0, 4, 3, 0, 0, 2, 3, 3, 0, 1, 3, 2, 3, 4, 0, 1, 0,
       0, 0, 2, 4, 0, 3, 3, 4, 3, 2, 4, 2, 3, 3, 2, 3, 3, 3, 2, 2, 4, 3,
       0, 3, 1, 2, 1, 0, 0, 3, 3, 2, 3, 3, 1, 3, 3, 2, 3, 3, 3, 0, 4, 3,
       2, 3, 0, 3, 2, 3, 4, 3, 0, 4, 4, 4], dtype=uint8),
            array([0, 4, 3, 0, 2, 0, 0, 2, 4, 0, 3, 3, 3, 3, 0, 0, 2, 0, 1, 1, 3, 2,
       2, 3, 3, 2, 4, 0, 3, 0, 3, 0, 3, 3, 1, 3, 3, 2, 1, 0, 2, 3, 0, 3,
       2, 3, 4, 2, 3, 3, 3, 3, 3, 4, 3, 4, 3, 2, 3, 3, 1, 3, 2, 0, 4, 2,
       0, 0, 0, 3, 3, 3, 4, 1, 0, 3, 3, 0, 0, 3, 2, 3, 4, 3, 0, 0, 4, 0,
       0, 4, 4, 2, 0, 0, 4, 3, 3, 2, 4, 3], dtype=uint8),
            array([1, 4, 0, 0, 0, 1, 0, 1, 1, 1, 3, 0, 1, 1, 0, 1, 2, 3, 1, 4, 2, 3,
       2, 2, 1, 3, 0, 4, 0, 0, 1, 1, 0, 3, 1, 1, 2, 3, 1, 1, 2, 1, 1, 1,
       3, 1, 2, 0, 0, 0, 1, 2, 2, 1, 3, 2, 1, 0, 2, 3, 0, 3, 3, 2, 2, 1,
       0, 3, 2, 0, 2, 0, 0, 3, 2, 1, 0, 0, 0, 3, 1, 3, 2, 0, 3, 1, 3, 4,
       4, 2, 1, 3, 3, 2, 1, 3, 1, 3, 3, 1], dtype=uint8),
            array([3, 4, 1, 2, 2, 3, 1, 3, 0, 3, 0, 3, 2, 4, 2, 2, 3, 2, 1, 2, 2, 2,
       3, 3, 0, 2, 3, 2, 1, 3, 3, 4, 2, 0, 2, 3, 4, 1, 2, 2, 3, 0, 2, 1,
       3, 4, 2, 3, 2, 2, 0, 3, 3, 3, 2, 1, 3, 2, 3, 4, 4, 2, 2, 4, 3, 4,
       0, 4, 2, 4, 2, 3, 3, 3, 3, 2, 2, 3, 3, 4, 1, 3, 2, 3, 2, 1, 4, 0,
       0, 3, 3, 3, 3, 4, 0, 0, 3, 0, 1, 2], dtype=uint8),
            array([4, 1, 2, 0, 1, 2, 1, 0, 3, 1, 3, 3, 3, 3, 3, 1, 0, 3, 2, 4, 0, 0,
       3, 3, 3, 4, 1, 0, 1, 4, 0, 2, 0, 2, 3, 1, 1, 0, 3, 3, 3, 2, 2, 2,
       3, 0, 3, 3, 1, 2, 2, 3, 3, 0, 4, 4, 4, 3, 3, 3, 3, 1, 4, 3, 3, 0,
       0, 3, 2, 0, 1, 4, 1, 2, 3, 4, 4, 0, 0, 1, 3, 3, 3, 2, 3, 0, 0, 0,
       1, 3, 1, 3, 0, 0, 0, 4, 1, 3, 0, 2], dtype=uint8),
            array([1, 1, 0, 1, 0, 3, 1, 0, 0, 3, 1, 0, 3, 4, 3, 1, 2, 2, 1, 1, 1, 2,
       3, 2, 2, 3, 2, 2, 1, 1, 1, 3, 0, 1, 2, 3, 2, 0, 2, 3, 3, 0, 1, 1,
       1, 0, 2, 1, 1, 0, 3, 2, 0, 1, 2, 0, 2, 2, 4, 4, 3, 3, 0, 1, 1, 3,
       2, 4, 4, 1, 1, 1, 2, 3, 0, 1, 3, 3, 2, 2, 3, 3, 1, 2, 1, 0, 2, 3,
       1, 4, 4, 0, 1, 2, 0, 1, 2, 0, 2, 1], dtype=uint8),
            array([0, 1, 4, 1, 0, 2, 1, 0, 1, 0, 2, 1, 2, 0, 0, 3, 2, 3, 0, 2, 0, 1,
       0, 3, 1, 1, 3, 1, 3, 0, 4, 1, 2, 1, 0, 3, 1, 1, 2, 0, 2, 3, 1, 3,
       2, 0, 1, 3, 3, 3, 2, 2, 1, 2, 2, 2, 0, 1, 2, 4, 2, 2, 4, 0, 3, 1,
       2, 1, 1, 4, 1, 1, 0, 1, 1, 2, 3, 0, 2, 1, 3, 0, 3, 1, 3, 3, 1, 0,
       2, 2, 1, 2, 0, 1, 0, 0, 1, 3, 2, 0], dtype=uint8),
            array([0, 1, 1, 0, 2, 1, 1, 2, 1, 4, 2, 1, 1, 3, 2, 2, 0, 1, 1, 0, 3, 2,
       2, 1, 0, 0, 4, 0, 0, 4, 1, 1, 2, 1, 1, 3, 1, 3, 2, 0, 2, 1, 0, 2,
       3, 0, 4, 3, 3, 2, 1, 2, 1, 1, 1, 0, 1, 2, 2, 0, 0, 3, 2, 1, 3, 1,
       1, 0, 3, 0, 2, 1, 0, 1, 0, 1, 1, 0, 3, 3, 0, 0, 1, 2, 2, 1, 2, 4,
       2, 1, 0, 1, 1, 2, 1, 1, 0, 0, 3, 3], dtype=uint8),
            array([1, 4, 1, 4, 2, 4, 1, 4, 2, 2, 0, 2, 0, 2, 0, 3, 3, 3, 3, 2, 2, 3,
       2, 4, 2, 3, 2, 2, 2, 3, 3, 3, 0, 0, 1, 3, 2, 1, 0, 3, 2, 2, 0, 3,
       3, 3, 1, 0, 3, 4, 3, 3, 3, 4, 2, 2, 4, 0, 3, 2, 2, 3, 2, 2, 4, 3,
       2, 3, 1, 2, 3, 2, 2, 2, 1, 3, 2, 2, 3, 1, 3, 2, 2, 3, 3, 2, 3, 4,
       2, 2, 2, 2, 3, 3, 3, 3, 0, 3, 3, 1], dtype=uint8),
            array([3, 4, 2, 2, 2, 3, 3, 3, 3, 1, 3, 2, 3, 3, 0, 0, 4, 4, 1, 2, 4, 2,
       0, 3, 3, 3, 1, 3, 4, 3, 3, 2, 3, 2, 3, 1, 4, 0, 1, 0, 3, 3, 3, 3,
       3, 4, 4, 3, 3, 1, 3, 3, 3, 3, 1, 1, 3, 0, 0, 3, 1, 4, 1, 1, 3, 2,
       4, 0, 0, 3, 3, 1, 3, 3, 3, 2, 4, 2, 0, 3, 3, 1, 3, 4, 1, 1, 3, 1,
       3, 1, 1, 3, 0, 3, 0, 4, 1, 3, 3, 1], dtype=uint8),
            array([4, 4, 1, 4, 0, 2, 0, 1, 3, 1, 3, 3, 2, 1, 0, 2, 3, 1, 1, 2, 3, 2,
       0, 0, 1, 1, 1, 1, 3, 1, 0, 3, 3, 0, 2, 1, 0, 0, 1, 4, 1, 1, 1, 1,
       0, 3, 1, 2, 1, 3, 3, 3, 0, 1, 3, 2, 0, 0, 1, 0, 1, 1, 4, 1, 2, 2,
       2, 0, 0, 3, 2, 1, 0, 2, 3, 0, 3, 1, 2, 1, 2, 3, 2, 3, 2, 1, 0, 2,
       0, 2, 1, 3, 2, 2, 2, 1, 2, 3, 3, 3], dtype=uint8),
            array([4, 0, 0, 0, 0, 3, 4, 0, 0, 3, 3, 0, 0, 0, 1, 4, 0, 2, 2, 3, 2, 2,
       1, 2, 3, 0, 0, 0, 2, 0, 2, 0, 0, 0, 3, 0, 3, 4, 2, 0, 3, 0, 3, 3,
       2, 1, 4, 2, 3, 3, 3, 2, 3, 2, 0, 2, 3, 2, 3, 3, 4, 0, 0, 3, 0, 0,
       2, 3, 4, 0, 4, 4, 2, 4, 0, 0, 3, 2, 1, 0, 3, 2, 0, 0, 0, 0, 4, 3,
       0, 2, 0, 3, 4, 2, 4, 3, 2, 2, 2, 3], dtype=uint8),
            array([1, 2, 0, 2, 2, 2, 2, 3, 3, 2, 3, 0, 3, 2, 3, 3, 2, 1, 4, 0, 3, 1,
       2, 2, 2, 4, 2, 0, 2, 2, 2, 2, 3, 2, 2, 2, 3, 3, 2, 2, 4, 3, 2, 0,
       2, 3, 0, 1, 2, 1, 2, 3, 0, 1, 3, 2, 2, 3, 4, 0, 2, 2, 3, 2, 3, 3,
       3, 4, 2, 4, 3, 2, 3, 3, 3, 0, 3, 3, 3, 4, 2, 0, 0, 4, 2, 3, 3, 0,
       3, 2, 2, 2, 3, 2, 3, 2, 0, 2, 3, 3], dtype=uint8),
            array([2, 4, 3, 2, 2, 3, 0, 0, 0, 1, 1, 1, 2, 2, 0, 3, 3, 3, 3, 3, 2, 0,
       3, 1, 0, 4, 0, 0, 3, 4, 1, 0, 3, 3, 3, 1, 2, 3, 2, 3, 4, 4, 2, 3,
       3, 1, 2, 3, 3, 0, 3, 1, 4, 3, 0, 1, 1, 0, 1, 1, 4, 3, 2, 3, 3, 3,
       3, 2, 3, 3, 3, 0, 0, 3, 3, 3, 0, 3, 4, 1, 0, 1, 3, 3, 0, 3, 3, 0,
       2, 2, 2, 0, 1, 3, 3, 4, 0, 2, 3, 1], dtype=uint8),
            array([1, 1, 3, 4, 0, 1, 3, 2, 0, 3, 2, 0, 4, 4, 0, 2, 2, 4, 3, 4, 2, 2,
       3, 2, 0, 3, 3, 4, 1, 3, 3, 3, 3, 3, 1, 1, 1, 3, 2, 2, 0, 4, 2, 3,
       3, 3, 3, 2, 4, 3, 3, 3, 2, 0, 4, 3, 1, 3, 0, 2, 4, 1, 3, 2, 2, 3,
       0, 3, 3, 0, 4, 3, 2, 4, 3, 3, 3, 0, 2, 4, 0, 1, 3, 1, 0, 4, 4, 0,
       1, 0, 0, 2, 0, 2, 2, 2, 1, 4, 4, 3], dtype=uint8),
            array([1, 4, 1, 3, 2, 3, 2, 0, 3, 4, 3, 4, 4, 2, 4, 1, 3, 0, 2, 4, 3, 3,
       3, 1, 2, 0, 3, 0, 1, 4, 0, 2, 4, 3, 2, 2, 2, 2, 0, 4, 2, 3, 1, 1,
       1, 0, 2, 0, 4, 1, 2, 3, 2, 4, 2, 2, 2, 3, 3, 3, 3, 0, 3, 3, 3, 2,
       1, 3, 4, 2, 3, 0, 1, 1, 4, 2, 2, 1, 3, 3, 4, 2, 4, 3, 4, 0, 3, 3,
       4, 3, 2, 1, 4, 2, 3, 4, 2, 4, 1, 0], dtype=uint8),
            array([2, 3, 4, 1, 3, 3, 3, 0, 3, 4, 3, 3, 4, 3, 0, 0, 1, 2, 3, 3, 2, 3,
       3, 4, 2, 4, 3, 3, 2, 4, 2, 0, 3, 4, 1, 3, 3, 1, 2, 3, 3, 0, 2, 1,
       3, 4, 3, 3, 3, 1, 3, 3, 0, 3, 4, 3, 2, 1, 0, 1, 3, 3, 3, 0, 2, 0,
       3, 0, 1, 3, 3, 0, 3, 1, 4, 3, 2, 2, 0, 2, 1, 3, 0, 3, 1, 1, 3, 3,
       2, 2, 0, 3, 2, 3, 2, 3, 3, 3, 0, 3], dtype=uint8),
            array([0, 0, 0, 3, 3, 3, 0, 1, 4, 3, 4, 3, 4, 0, 0, 4, 0, 1, 0, 0, 4, 0,
       0, 3, 0, 0, 0, 0, 3, 3, 0, 4, 0, 0, 4, 4, 1, 3, 0, 0, 4, 3, 3, 0,
       3, 4, 4, 3, 3, 1, 0, 0, 1, 2, 3, 3, 4, 3, 1, 0, 0, 0, 3, 0, 4, 0,
       2, 3, 4, 4, 2, 0, 0, 3, 3, 3, 0, 3, 1, 1, 1, 1, 0, 3, 1, 4, 0, 4,
       0, 1, 0, 0, 3, 4, 4, 3, 4, 0, 0, 3], dtype=uint8),
            array([0, 2, 3, 1, 1, 3, 4, 1, 1, 3, 0, 3, 3, 3, 0, 0, 1, 0, 4, 4, 4, 0,
       4, 0, 4, 1, 3, 4, 4, 3, 1, 3, 4, 4, 1, 4, 3, 4, 4, 3, 4, 4, 1, 4,
       3, 4, 0, 4, 0, 4, 3, 1, 0, 4, 1, 1, 3, 1, 0, 1, 3, 4, 4, 0, 0, 4,
       1, 4, 4, 3, 0, 3, 3, 0, 3, 0, 3, 4, 0, 1, 4, 1, 0, 3, 0, 4, 1, 1,
       0, 3, 3, 0, 4, 4, 3, 0, 4, 1, 4, 4], dtype=uint8),
            array([4, 2, 4, 1, 1, 3, 0, 3, 2, 4, 0, 0, 3, 3, 3, 3, 3, 2, 1, 3, 1, 3,
       3, 3, 1, 3, 3, 3, 1, 4, 3, 2, 1, 3, 3, 1, 4, 0, 3, 3, 1, 3, 3, 3,
       3, 4, 3, 4, 0, 1, 0, 2, 0, 0, 3, 3, 1, 2, 4, 3, 0, 3, 3, 3, 4, 2,
       3, 1, 1, 3, 4, 3, 1, 3, 3, 2, 0, 4, 3, 4, 3, 0, 0, 2, 3, 3, 1, 3,
       3, 3, 3, 1, 1, 3, 0, 4, 1, 0, 2, 3], dtype=uint8),
            array([0, 1, 4, 4, 0, 2, 3, 0, 0, 1, 4, 1, 1, 0, 2, 2, 0, 1, 1, 2, 3, 3,
       3, 0, 1, 3, 0, 2, 4, 3, 4, 3, 1, 2, 3, 0, 2, 3, 0, 2, 2, 0, 3, 0,
       1, 2, 0, 2, 0, 1, 3, 0, 0, 1, 1, 2, 1, 3, 2, 3, 0, 2, 2, 1, 0, 1,
       3, 1, 1, 1, 1, 2, 1, 1, 1, 3, 0, 2, 0, 0, 3, 2, 1, 3, 0, 2, 3, 3,
       1, 4, 3, 2, 0, 3, 3, 3, 3, 0, 3, 0], dtype=uint8),
            array([3, 0, 1, 1, 3, 2, 0, 3, 3, 0, 3, 3, 3, 3, 4, 3, 2, 3, 1, 2, 4, 2,
       3, 3, 1, 3, 2, 2, 0, 0, 3, 3, 4, 2, 2, 3, 1, 3, 0, 3, 3, 2, 0, 3,
       3, 0, 0, 3, 4, 0, 0, 0, 3, 3, 3, 2, 2, 3, 3, 3, 0, 3, 2, 0, 4, 1,
       2, 3, 1, 1, 0, 4, 3, 0, 3, 3, 2, 1, 3, 2, 1, 0, 2, 2, 4, 3, 4, 0,
       3, 4, 2, 0, 2, 4, 0, 3, 3, 0, 2, 0], dtype=uint8),
            array([1, 2, 4, 2, 0, 2, 4, 3, 2, 3, 3, 3, 3, 3, 2, 3, 2, 3, 3, 1, 4, 2,
       2, 2, 2, 0, 1, 2, 3, 3, 3, 2, 4, 2, 1, 4, 3, 4, 4, 2, 3, 2, 3, 3,
       3, 4, 3, 1, 3, 2, 0, 2, 3, 3, 1, 0, 3, 2, 3, 1, 3, 3, 4, 4, 3, 2,
       2, 3, 2, 2, 2, 2, 3, 2, 4, 3, 2, 3, 2, 0, 3, 2, 3, 4, 2, 3, 2, 0,
       2, 1, 4, 3, 3, 2, 1, 3, 3, 2, 2, 3], dtype=uint8),
            array([4, 3, 0, 1, 0, 2, 1, 3, 0, 0, 0, 0, 1, 4, 0, 0, 1, 3, 4, 1, 3, 2,
       0, 4, 0, 0, 3, 1, 3, 0, 3, 3, 0, 1, 3, 3, 4, 1, 1, 3, 1, 0, 0, 1,
       3, 1, 3, 4, 1, 4, 4, 4, 4, 4, 4, 1, 0, 4, 4, 3, 0, 0, 4, 0, 1, 4,
       4, 0, 4, 1, 3, 4, 4, 3, 0, 3, 4, 1, 0, 4, 0, 4, 1, 0, 3, 3, 0, 0,
       0, 4, 4, 2, 0, 0, 1, 0, 0, 4, 3, 1], dtype=uint8),
            array([4, 1, 4, 2, 1, 4, 3, 3, 3, 0, 3, 4, 3, 0, 2, 1, 2, 2, 2, 2, 0, 2,
       1, 2, 2, 2, 2, 1, 3, 3, 2, 3, 3, 0, 2, 3, 0, 3, 3, 2, 1, 1, 3, 2,
       2, 3, 3, 4, 2, 3, 2, 3, 3, 4, 2, 0, 0, 2, 2, 2, 3, 2, 3, 3, 4, 2,
       1, 2, 2, 3, 3, 3, 2, 2, 4, 2, 2, 3, 2, 0, 2, 2, 3, 3, 4, 3, 3, 1,
       4, 2, 1, 3, 3, 2, 0, 4, 0, 3, 3, 1], dtype=uint8),
            array([1, 4, 1, 4, 2, 0, 0, 2, 1, 0, 2, 3, 1, 1, 3, 3, 1, 2, 1, 0, 1, 0,
       2, 3, 2, 1, 0, 3, 0, 1, 2, 1, 1, 2, 2, 3, 0, 3, 3, 0, 1, 3, 2, 3,
       3, 0, 0, 0, 2, 0, 2, 1, 2, 2, 0, 1, 2, 2, 1, 2, 2, 0, 2, 1, 1, 4,
       1, 0, 0, 1, 3, 4, 1, 3, 2, 2, 4, 2, 3, 1, 0, 1, 1, 0, 0, 2, 3, 1,
       0, 0, 0, 3, 0, 1, 3, 1, 1, 4, 3, 0], dtype=uint8),
            array([2, 0, 0, 0, 4, 0, 3, 0, 3, 4, 4, 3, 0, 0, 3, 3, 1, 0, 3, 3, 3, 0,
       3, 2, 3, 2, 0, 3, 0, 0, 4, 0, 0, 0, 2, 2, 0, 4, 3, 3, 3, 0, 0, 2,
       3, 4, 0, 3, 2, 0, 0, 1, 3, 2, 1, 3, 3, 0, 0, 4, 4, 4, 4, 2, 3, 0,
       3, 3, 3, 2, 0, 0, 3, 0, 0, 0, 3, 2, 0, 0, 3, 0, 0, 3, 2, 0, 0, 3,
       4, 4, 3, 3, 4, 4, 2, 2, 0, 2, 3, 3], dtype=uint8),
            array([0, 1, 3, 2, 3, 1, 3, 3, 0, 1, 1, 3, 3, 2, 4, 2, 2, 2, 3, 3, 2, 3,
       4, 0, 3, 0, 2, 2, 4, 3, 3, 3, 3, 3, 0, 3, 0, 3, 3, 3, 2, 1, 1, 2,
       3, 4, 3, 2, 4, 3, 0, 3, 2, 0, 3, 3, 2, 3, 3, 2, 3, 0, 3, 0, 3, 2,
       3, 3, 1, 3, 0, 3, 2, 4, 3, 2, 1, 3, 4, 0, 2, 3, 4, 3, 3, 0, 2, 1,
       3, 1, 3, 3, 4, 3, 0, 3, 2, 0, 2, 3], dtype=uint8),
            array([4, 4, 0, 0, 0, 0, 1, 3, 2, 1, 0, 1, 0, 3, 3, 0, 2, 1, 0, 0, 1, 0,
       3, 1, 2, 2, 1, 2, 2, 3, 3, 1, 1, 2, 0, 1, 0, 0, 1, 0, 3, 0, 3, 2,
       0, 0, 2, 3, 4, 2, 2, 1, 0, 1, 3, 1, 0, 1, 0, 0, 2, 0, 0, 1, 1, 2,
       0, 3, 0, 3, 2, 0, 3, 1, 1, 1, 4, 0, 1, 2, 0, 0, 1, 1, 3, 3, 1, 4,
       3, 1, 3, 2, 0, 2, 0, 1, 2, 3, 3, 2], dtype=uint8),
            array([2, 0, 0, 3, 1, 3, 3, 4, 3, 1, 4, 0, 3, 2, 3, 0, 3, 4, 0, 3, 3, 4,
       0, 3, 2, 0, 3, 4, 1, 3, 4, 2, 2, 2, 2, 3, 1, 3, 0, 3, 0, 0, 3, 0,
       3, 1, 0, 0, 3, 3, 0, 1, 3, 3, 3, 0, 0, 0, 3, 0, 3, 3, 4, 3, 3, 0,
       0, 2, 3, 3, 3, 2, 1, 3, 0, 3, 2, 0, 3, 3, 4, 3, 0, 2, 1, 1, 1, 4,
       2, 3, 3, 1, 3, 1, 0, 1, 3, 0, 3, 2], dtype=uint8),
            array([1, 4, 3, 4, 1, 3, 3, 4, 2, 3, 3, 0, 3, 2, 2, 3, 2, 2, 3, 0, 3, 1,
       3, 3, 3, 2, 4, 2, 3, 3, 0, 2, 2, 2, 3, 3, 2, 3, 2, 2, 2, 3, 2, 3,
       4, 4, 3, 2, 3, 4, 2, 2, 2, 3, 2, 3, 3, 4, 2, 2, 2, 2, 3, 3, 2, 3,
       2, 2, 1, 3, 3, 3, 1, 2, 4, 4, 3, 0, 3, 3, 4, 3, 1, 4, 3, 3, 2, 0,
       1, 2, 3, 1, 0, 3, 3, 3, 3, 2, 3, 3], dtype=uint8),
            array([4, 0, 0, 1, 4, 0, 0, 4, 3, 1, 2, 1, 1, 1, 2, 2, 0, 2, 3, 2, 1, 0,
       3, 3, 0, 0, 1, 2, 0, 0, 4, 1, 1, 0, 0, 1, 4, 2, 2, 2, 2, 1, 1, 1,
       2, 1, 1, 1, 3, 3, 1, 0, 1, 0, 2, 0, 0, 0, 0, 2, 0, 2, 4, 3, 0, 2,
       3, 1, 2, 2, 2, 3, 1, 0, 2, 2, 0, 1, 2, 3, 2, 0, 0, 3, 1, 3, 4, 0,
       2, 0, 0, 3, 1, 0, 2, 3, 2, 0, 3, 1], dtype=uint8),
            array([1, 2, 1, 2, 4, 2, 2, 2, 3, 3, 0, 0, 0, 3, 2, 3, 3, 3, 3, 3, 2, 0,
       0, 3, 3, 0, 1, 2, 2, 0, 3, 3, 2, 0, 3, 3, 2, 2, 3, 2, 1, 3, 2, 4,
       2, 0, 4, 3, 4, 1, 2, 1, 0, 2, 2, 3, 4, 3, 3, 3, 4, 4, 3, 0, 1, 2,
       0, 4, 1, 2, 3, 3, 3, 3, 3, 2, 3, 2, 2, 2, 4, 0, 1, 2, 3, 3, 3, 3,
       2, 0, 4, 3, 2, 2, 3, 4, 2, 2, 4, 2], dtype=uint8),
            array([3, 1, 0, 0, 4, 0, 0, 1, 0, 1, 2, 2, 2, 0, 0, 2, 1, 2, 1, 4, 3, 3,
       1, 1, 0, 2, 2, 1, 2, 0, 0, 0, 2, 1, 1, 0, 0, 1, 1, 1, 1, 0, 1, 2,
       2, 1, 1, 4, 3, 2, 2, 0, 3, 1, 3, 0, 2, 3, 3, 3, 1, 1, 2, 0, 2, 1,
       1, 1, 3, 1, 1, 2, 0, 3, 0, 3, 1, 2, 0, 2, 3, 3, 2, 3, 1, 0, 1, 2,
       2, 3, 3, 1, 4, 0, 1, 0, 3, 1, 3, 4], dtype=uint8),
            array([2, 1, 4, 1, 4, 0, 1, 0, 3, 3, 1, 3, 4, 0, 2, 3, 2, 1, 3, 3, 3, 1,
       0, 3, 3, 1, 3, 0, 1, 1, 3, 3, 1, 3, 3, 4, 4, 3, 1, 1, 0, 4, 0, 3,
       4, 4, 1, 3, 4, 2, 3, 3, 2, 4, 1, 3, 3, 2, 3, 2, 0, 1, 3, 1, 3, 3,
       3, 0, 2, 2, 2, 0, 3, 3, 1, 0, 0, 2, 3, 3, 3, 2, 2, 1, 2, 3, 3, 3,
       2, 0, 3, 3, 4, 2, 3, 2, 4, 3, 0, 1], dtype=uint8),
            array([2, 0, 1, 0, 3, 0, 4, 1, 3, 0, 3, 3, 4, 0, 1, 0, 0, 4, 4, 4, 3, 1,
       4, 0, 1, 4, 1, 4, 3, 0, 0, 4, 0, 3, 3, 4, 3, 0, 3, 3, 3, 4, 3, 4,
       1, 3, 4, 3, 1, 0, 3, 0, 4, 0, 3, 3, 4, 1, 4, 3, 4, 1, 1, 1, 4, 4,
       4, 1, 0, 4, 0, 3, 1, 3, 3, 4, 0, 0, 0, 0, 0, 0, 1, 3, 3, 1, 4, 2,
       1, 3, 0, 0, 0, 3, 0, 0, 3, 0, 3, 0], dtype=uint8),
            array([4, 3, 4, 3, 3, 0, 2, 1, 2, 0, 1, 1, 0, 0, 3, 3, 3, 3, 2, 3, 2, 4,
       2, 3, 3, 0, 3, 1, 2, 3, 3, 3, 4, 0, 3, 3, 2, 3, 3, 3, 4, 2, 3, 3,
       3, 3, 3, 3, 3, 4, 4, 3, 3, 1, 2, 1, 3, 3, 4, 2, 2, 4, 1, 3, 4, 1,
       0, 1, 3, 2, 0, 3, 2, 0, 2, 2, 3, 3, 3, 2, 0, 3, 3, 3, 2, 3, 4, 3,
       4, 0, 3, 3, 1, 3, 2, 3, 2, 3, 3, 4], dtype=uint8),
            array([0, 3, 0, 1, 4, 2, 2, 2, 4, 0, 4, 3, 3, 3, 2, 0, 3, 2, 3, 0, 0, 3,
       0, 3, 3, 3, 4, 3, 0, 0, 2, 0, 4, 0, 2, 3, 4, 3, 0, 1, 3, 0, 3, 3,
       3, 3, 2, 4, 2, 0, 0, 1, 0, 4, 1, 3, 3, 0, 0, 4, 4, 2, 3, 3, 3, 0,
       2, 3, 2, 4, 0, 4, 0, 2, 3, 0, 2, 2, 0, 0, 4, 3, 3, 3, 2, 4, 3, 4,
       2, 2, 0, 3, 2, 4, 0, 3, 0, 3, 3, 3], dtype=uint8),
            array([4, 4, 3, 0, 0, 3, 4, 4, 4, 0, 2, 1, 3, 3, 1, 1, 1, 3, 0, 3, 2, 1,
       3, 1, 3, 2, 3, 3, 1, 3, 3, 4, 1, 0, 3, 2, 1, 3, 1, 3, 0, 1, 0, 1,
       0, 3, 4, 1, 2, 3, 1, 3, 3, 3, 3, 4, 0, 0, 3, 2, 4, 3, 3, 0, 3, 0,
       1, 1, 4, 0, 1, 3, 1, 0, 3, 0, 2, 1, 3, 4, 0, 0, 4, 3, 3, 3, 2, 0,
       1, 3, 0, 3, 2, 3, 1, 0, 2, 3, 3, 1], dtype=uint8),
            array([1, 4, 3, 4, 4, 1, 0, 0, 0, 2, 2, 0, 1, 3, 0, 3, 0, 0, 3, 0, 2, 4,
       2, 2, 1, 1, 1, 3, 0, 2, 3, 0, 1, 2, 1, 2, 3, 1, 2, 2, 0, 3, 0, 1,
       1, 3, 0, 1, 2, 2, 3, 0, 1, 2, 3, 0, 2, 0, 1, 2, 0, 2, 0, 2, 2, 2,
       1, 1, 0, 0, 2, 2, 0, 1, 2, 1, 0, 3, 2, 3, 2, 3, 3, 1, 3, 0, 2, 0,
       2, 2, 1, 1, 2, 2, 2, 1, 3, 1, 2, 3], dtype=uint8),
            array([4, 2, 0, 2, 2, 3, 3, 0, 4, 1, 0, 4, 3, 0, 3, 2, 3, 3, 1, 2, 0, 2,
       3, 4, 0, 0, 2, 2, 3, 0, 3, 3, 3, 0, 1, 2, 3, 0, 1, 3, 3, 4, 1, 0,
       0, 0, 1, 0, 4, 2, 0, 1, 3, 0, 2, 3, 3, 3, 3, 1, 0, 3, 0, 3, 2, 2,
       3, 3, 0, 3, 3, 0, 0, 3, 3, 3, 3, 3, 3, 3, 3, 0, 3, 0, 0, 3, 0, 3,
       3, 3, 3, 3, 3, 3, 0, 4, 3, 3, 3, 3], dtype=uint8),
            array([4, 4, 0, 4, 3, 3, 3, 3, 3, 1, 2, 2, 1, 2, 1, 0, 1, 1, 3, 0, 0, 1,
       3, 3, 0, 3, 3, 2, 1, 0, 3, 1, 1, 0, 2, 2, 1, 3, 0, 1, 1, 4, 1, 1,
       4, 3, 1, 3, 3, 1, 0, 3, 1, 2, 3, 3, 1, 1, 2, 0, 3, 0, 3, 0, 3, 0,
       2, 3, 2, 1, 1, 0, 1, 0, 3, 2, 2, 0, 3, 1, 1, 0, 2, 3, 4, 0, 2, 0,
       1, 0, 3, 1, 2, 3, 2, 1, 2, 2, 1, 3], dtype=uint8),
            array([4, 4, 4, 4, 2, 1, 0, 3, 0, 4, 3, 1, 4, 3, 3, 3, 3, 3, 2, 3, 3, 3,
       4, 3, 2, 2, 3, 3, 2, 3, 1, 0, 3, 1, 3, 2, 3, 0, 3, 1, 0, 4, 1, 3,
       1, 3, 3, 1, 0, 0, 2, 3, 3, 3, 4, 1, 2, 3, 3, 2, 4, 2, 0, 2, 2, 3,
       0, 3, 3, 2, 2, 0, 3, 1, 0, 3, 2, 4, 0, 3, 3, 3, 1, 0, 1, 3, 3, 0,
       2, 2, 2, 3, 3, 0, 3, 1, 4, 0, 4, 3], dtype=uint8),
            array([0, 2, 0, 4, 4, 4, 1, 4, 3, 0, 3, 3, 3, 2, 1, 2, 0, 2, 2, 3, 2, 1,
       2, 2, 1, 2, 3, 1, 3, 0, 1, 1, 1, 1, 1, 3, 3, 0, 3, 0, 0, 2, 0, 3,
       3, 3, 3, 2, 2, 2, 4, 3, 1, 1, 2, 2, 1, 0, 1, 1, 1, 2, 0, 2, 1, 0,
       2, 0, 1, 0, 1, 1, 0, 3, 0, 0, 2, 2, 0, 1, 0, 2, 3, 1, 3, 0, 1, 1,
       0, 1, 2, 1, 2, 4, 3, 1, 3, 0, 0, 0], dtype=uint8),
            array([3, 4, 2, 2, 4, 4, 3, 3, 0, 4, 2, 0, 0, 0, 3, 2, 4, 3, 3, 3, 3, 2,
       0, 3, 3, 4, 3, 2, 3, 3, 0, 0, 1, 0, 1, 3, 0, 0, 2, 1, 0, 3, 3, 4,
       4, 3, 0, 2, 2, 3, 3, 0, 2, 3, 2, 3, 0, 3, 3, 4, 1, 4, 2, 3, 4, 0,
       2, 2, 1, 3, 3, 3, 0, 0, 3, 3, 4, 2, 3, 2, 3, 0, 2, 0, 3, 2, 2, 3,
       0, 0, 0, 1, 3, 3, 0, 3, 1, 0, 3, 0], dtype=uint8),
            array([1, 1, 1, 2, 1, 4, 2, 2, 3, 3, 4, 3, 0, 0, 2, 4, 2, 2, 0, 3, 4, 3,
       0, 2, 2, 2, 2, 2, 3, 3, 3, 3, 4, 0, 0, 4, 3, 1, 0, 2, 3, 2, 3, 1,
       2, 2, 2, 2, 1, 3, 2, 3, 1, 2, 3, 3, 1, 4, 0, 3, 2, 3, 3, 3, 3, 3,
       2, 2, 1, 2, 3, 2, 3, 4, 2, 4, 2, 3, 3, 3, 3, 3, 1, 2, 3, 3, 2, 3,
       4, 3, 2, 1, 2, 2, 2, 0, 2, 3, 3, 1], dtype=uint8),
            array([0, 4, 2, 1, 2, 0, 2, 2, 1, 1, 1, 4, 4, 0, 4, 1, 3, 4, 1, 3, 0, 0,
       0, 0, 0, 1, 0, 0, 0, 0, 3, 4, 3, 4, 3, 3, 4, 4, 0, 4, 0, 3, 1, 4,
       0, 0, 4, 3, 0, 4, 0, 3, 0, 4, 0, 0, 0, 0, 0, 0, 3, 4, 1, 3, 4, 4,
       3, 4, 4, 1, 3, 0, 2, 4, 1, 2, 4, 0, 0, 4, 0, 4, 3, 3, 4, 0, 3, 0,
       1, 4, 2, 4, 3, 1, 4, 0, 1, 3, 0, 3], dtype=uint8),
            array([0, 3, 4, 2, 3, 4, 3, 3, 0, 3, 2, 3, 3, 0, 0, 4, 1, 4, 2, 2, 0, 0,
       4, 2, 0, 3, 2, 4, 1, 3, 0, 3, 3, 3, 1, 0, 4, 0, 3, 3, 3, 3, 0, 3,
       2, 3, 1, 0, 3, 1, 0, 3, 3, 3, 0, 2, 0, 0, 1, 0, 3, 4, 3, 0, 0, 0,
       0, 4, 3, 2, 0, 3, 3, 2, 4, 3, 4, 3, 3, 0, 0, 2, 3, 2, 0, 3, 3, 3,
       1, 0, 0, 3, 0, 4, 3, 1, 3, 1, 3, 3], dtype=uint8),
            array([3, 1, 0, 1, 1, 3, 1, 0, 4, 1, 1, 3, 2, 1, 2, 1, 1, 3, 3, 3, 2, 2,
       1, 0, 4, 1, 2, 2, 1, 1, 4, 3, 1, 3, 4, 2, 2, 2, 1, 1, 3, 1, 0, 0,
       3, 3, 2, 0, 0, 1, 1, 3, 0, 3, 0, 1, 0, 3, 1, 3, 0, 0, 0, 1, 3, 1,
       3, 0, 3, 1, 1, 0, 2, 0, 1, 3, 3, 0, 1, 1, 1, 3, 4, 3, 2, 2, 1, 0,
       2, 1, 3, 0, 2, 2, 1, 2, 3, 3, 1, 0], dtype=uint8),
            array([1, 1, 2, 0, 2, 2, 2, 3, 2, 3, 0, 3, 2, 2, 2, 2, 4, 2, 2, 4, 4, 2,
       2, 2, 2, 3, 3, 2, 3, 2, 3, 1, 1, 0, 2, 3, 2, 4, 3, 1, 3, 0, 1, 3,
       3, 2, 3, 3, 3, 4, 4, 1, 3, 2, 3, 0, 2, 1, 3, 1, 1, 3, 2, 3, 0, 3,
       3, 3, 3, 4, 2, 3, 3, 1, 3, 2, 3, 3, 3, 4, 2, 0, 3, 2, 4, 3, 2, 2,
       2, 2, 4, 2, 2, 2, 2, 3, 3, 3, 4, 3], dtype=uint8),
            array([4, 1, 4, 3, 3, 1, 1, 3, 3, 0, 0, 0, 3, 4, 4, 4, 2, 4, 3, 0, 0, 1,
       2, 0, 0, 3, 0, 3, 2, 0, 0, 0, 0, 3, 0, 4, 2, 0, 4, 4, 0, 0, 4, 3,
       3, 4, 4, 0, 4, 4, 0, 4, 1, 0, 3, 1, 0, 2, 4, 3, 3, 0, 4, 4, 0, 1,
       3, 0, 0, 0, 0, 1, 0, 4, 3, 1, 0, 4, 4, 1, 3, 4, 0, 1, 0, 4, 4, 3,
       3, 3, 3, 0, 0, 4, 4, 3, 0, 4, 4, 4], dtype=uint8),
            array([0, 2, 4, 0, 0, 2, 0, 3, 0, 0, 4, 2, 0, 4, 3, 0, 2, 0, 3, 0, 2, 2,
       3, 3, 2, 0, 3, 4, 0, 1, 2, 4, 2, 0, 2, 3, 3, 2, 3, 3, 3, 0, 0, 2,
       2, 0, 3, 0, 0, 1, 3, 3, 3, 3, 3, 3, 2, 3, 2, 0, 4, 3, 2, 4, 3, 0,
       3, 4, 4, 3, 2, 2, 0, 4, 3, 3, 1, 0, 2, 3, 0, 0, 3, 0, 2, 3, 3, 0,
       3, 4, 3, 4, 3, 0, 0, 4, 0, 4, 4, 3], dtype=uint8),
            array([4, 2, 1, 3, 3, 3, 2, 1, 4, 4, 2, 2, 1, 2, 2, 4, 2, 0, 0, 2, 2, 3,
       2, 0, 0, 3, 3, 1, 1, 2, 2, 2, 2, 1, 3, 4, 2, 3, 0, 2, 4, 3, 1, 1,
       3, 4, 2, 3, 2, 2, 2, 0, 3, 4, 3, 3, 1, 3, 4, 0, 3, 2, 3, 3, 0, 2,
       3, 2, 2, 2, 0, 3, 2, 1, 0, 3, 1, 1, 3, 4, 3, 3, 3, 1, 3, 4, 2, 1,
       2, 0, 3, 2, 2, 3, 0, 3, 4, 2, 2, 3], dtype=uint8),
            array([1, 4, 1, 2, 2, 3, 1, 1, 3, 0, 0, 3, 4, 3, 3, 1, 3, 3, 2, 0, 1, 4,
       3, 1, 1, 3, 2, 3, 1, 3, 2, 4, 3, 4, 2, 1, 3, 1, 3, 3, 1, 3, 4, 3,
       1, 4, 3, 2, 3, 0, 3, 2, 4, 1, 3, 3, 2, 4, 1, 3, 1, 4, 3, 3, 0, 3,
       3, 3, 2, 3, 2, 0, 1, 3, 0, 4, 3, 3, 0, 0, 0, 4, 3, 2, 0, 0, 3, 3,
       3, 0, 2, 4, 3, 3, 4, 3, 3, 1, 3, 2], dtype=uint8),
            array([0, 2, 3, 4, 4, 2, 3, 4, 0, 2, 0, 2, 3, 4, 0, 3, 4, 0, 3, 0, 3, 2,
       2, 0, 3, 3, 2, 0, 2, 3, 2, 2, 0, 4, 4, 0, 0, 0, 0, 4, 3, 3, 2, 0,
       3, 4, 2, 1, 2, 2, 3, 0, 1, 0, 4, 0, 1, 0, 4, 3, 0, 0, 4, 2, 3, 3,
       0, 3, 3, 4, 2, 3, 3, 2, 0, 0, 3, 2, 0, 2, 3, 2, 3, 3, 3, 3, 3, 2,
       2, 3, 2, 3, 0, 0, 3, 2, 2, 4, 2, 3], dtype=uint8),
            array([0, 1, 1, 4, 4, 0, 3, 0, 1, 3, 2, 1, 2, 1, 1, 1, 1, 1, 2, 1, 1, 2,
       2, 0, 1, 2, 3, 2, 2, 2, 1, 0, 0, 1, 2, 1, 0, 4, 1, 2, 3, 2, 0, 3,
       1, 4, 4, 3, 1, 2, 3, 0, 2, 1, 0, 2, 0, 0, 0, 3, 2, 1, 0, 2, 0, 2,
       2, 4, 2, 3, 1, 2, 3, 3, 0, 1, 2, 1, 2, 2, 3, 2, 4, 1, 3, 1, 0, 2,
       0, 2, 2, 2, 0, 2, 2, 1, 1, 1, 1, 2], dtype=uint8),
            array([4, 1, 1, 0, 0, 3, 4, 3, 1, 0, 4, 3, 3, 2, 3, 3, 1, 1, 0, 4, 3, 3,
       1, 1, 3, 3, 3, 3, 3, 4, 3, 0, 3, 3, 0, 2, 3, 3, 0, 3, 3, 3, 0, 3,
       2, 3, 1, 3, 4, 3, 3, 3, 0, 0, 3, 3, 3, 1, 2, 0, 3, 1, 1, 0, 3, 0,
       3, 3, 3, 4, 3, 2, 3, 3, 3, 3, 3, 0, 3, 4, 3, 3, 1, 0, 1, 2, 3, 4,
       3, 3, 0, 3, 0, 4, 3, 3, 4, 3, 3, 3], dtype=uint8),
            array([0, 3, 0, 3, 0, 4, 1, 1, 4, 0, 0, 4, 4, 3, 2, 3, 0, 4, 2, 3, 3, 0,
       3, 3, 1, 3, 0, 4, 3, 3, 4, 3, 4, 0, 1, 3, 2, 3, 3, 3, 3, 3, 1, 3,
       2, 0, 1, 3, 3, 3, 3, 0, 1, 2, 0, 1, 0, 3, 3, 4, 2, 0, 3, 0, 3, 2,
       1, 0, 3, 0, 3, 3, 0, 1, 2, 3, 1, 3, 1, 0, 1, 2, 3, 0, 1, 3, 1, 3,
       3, 0, 3, 3, 2, 2, 4, 3, 3, 3, 0, 0], dtype=uint8),
            array([4, 3, 3, 2, 2, 2, 3, 4, 3, 2, 2, 3, 2, 3, 4, 3, 2, 3, 1, 2, 2, 3,
       0, 3, 2, 4, 2, 3, 1, 3, 0, 3, 3, 3, 2, 2, 3, 4, 3, 0, 3, 2, 4, 4,
       3, 2, 0, 2, 3, 3, 2, 4, 0, 0, 3, 2, 4, 3, 1, 3, 3, 2, 3, 2, 3, 3,
       2, 3, 1, 0, 3, 3, 1, 2, 0, 3, 3, 3, 2, 3, 4, 2, 2, 3, 3, 0, 3, 3,
       2, 1, 2, 3, 3, 2, 2, 3, 1, 3, 0, 2], dtype=uint8),
            array([0, 4, 1, 1, 1, 0, 3, 2, 2, 1, 0, 3, 2, 1, 4, 0, 3, 2, 2, 0, 1, 2,
       1, 1, 3, 3, 1, 3, 1, 4, 2, 2, 2, 3, 3, 1, 2, 1, 1, 4, 3, 3, 2, 1,
       2, 4, 1, 2, 2, 3, 0, 3, 2, 0, 1, 2, 1, 0, 2, 0, 0, 3, 0, 2, 0, 0,
       0, 1, 1, 1, 1, 3, 2, 3, 2, 3, 3, 0, 0, 3, 0, 0, 1, 3, 1, 2, 2, 3,
       1, 1, 1, 0, 2, 0, 1, 1, 3, 0, 3, 1], dtype=uint8),
            array([0, 4, 1, 2, 0, 0, 1, 1, 0, 3, 0, 3, 0, 0, 3, 1, 3, 1, 3, 3, 2, 3,
       0, 1, 4, 1, 3, 2, 3, 1, 1, 3, 3, 4, 3, 0, 2, 3, 1, 3, 2, 3, 0, 3,
       4, 3, 2, 3, 0, 4, 3, 0, 3, 3, 4, 3, 3, 1, 2, 3, 3, 1, 2, 0, 3, 3,
       4, 0, 2, 4, 3, 3, 3, 1, 2, 0, 3, 2, 2, 4, 2, 0, 4, 4, 0, 3, 1, 2,
       3, 3, 3, 3, 0, 0, 3, 4, 1, 2, 2, 3], dtype=uint8),
            array([2, 1, 3, 1, 3, 3, 3, 3, 4, 2, 0, 4, 1, 4, 3, 4, 0, 3, 4, 0, 1, 4,
       3, 2, 1, 3, 3, 4, 3, 4, 3, 3, 2, 3, 4, 3, 1, 3, 3, 3, 0, 3, 1, 3,
       2, 1, 3, 3, 3, 3, 3, 2, 3, 3, 3, 2, 2, 1, 3, 1, 3, 1, 3, 4, 4, 0,
       3, 0, 3, 2, 2, 1, 3, 3, 0, 1, 3, 0, 0, 3, 3, 2, 3, 3, 3, 0, 3, 2,
       3, 3, 1, 3, 4, 3, 1, 0, 1, 3, 3, 3], dtype=uint8),
            array([1, 1, 0, 0, 3, 1, 4, 0, 4, 1, 0, 0, 0, 0, 3, 3, 4, 4, 0, 0, 0, 0,
       4, 0, 1, 3, 0, 3, 4, 3, 1, 0, 0, 3, 3, 0, 0, 3, 0, 4, 1, 4, 0, 0,
       0, 0, 3, 1, 3, 4, 0, 0, 4, 1, 3, 3, 3, 4, 1, 4, 1, 0, 0, 0, 3, 0,
       1, 1, 0, 4, 4, 4, 1, 0, 3, 3, 3, 1, 0, 3, 1, 1, 4, 3, 3, 4, 2, 3,
       2, 3, 3, 3, 3, 2, 0, 1, 4, 1, 0, 1], dtype=uint8),
            array([4, 2, 1, 3, 4, 4, 2, 2, 1, 3, 2, 4, 4, 3, 0, 3, 2, 1, 3, 3, 3, 2,
       3, 1, 4, 2, 1, 1, 2, 3, 2, 0, 4, 1, 2, 2, 2, 2, 3, 4, 2, 3, 2, 2,
       2, 3, 3, 2, 3, 1, 1, 2, 3, 3, 0, 1, 3, 3, 3, 3, 2, 2, 3, 1, 2, 2,
       4, 1, 0, 3, 3, 3, 1, 3, 2, 2, 2, 2, 3, 2, 3, 0, 3, 3, 3, 3, 0, 2,
       2, 0, 2, 3, 2, 2, 3, 2, 2, 4, 1, 3], dtype=uint8),
            array([3, 3, 4, 1, 3, 4, 3, 0, 3, 0, 3, 3, 0, 2, 3, 0, 3, 1, 3, 4, 3, 2,
       1, 2, 3, 3, 2, 3, 3, 3, 0, 0, 1, 1, 3, 4, 3, 2, 1, 3, 3, 3, 3, 3,
       4, 3, 0, 0, 3, 3, 3, 2, 3, 3, 1, 3, 3, 4, 1, 3, 2, 3, 0, 4, 1, 1,
       3, 2, 3, 3, 3, 3, 3, 2, 1, 3, 1, 0, 3, 3, 1, 3, 4, 4, 3, 2, 3, 3,
       3, 1, 3, 3, 3, 0, 3, 1, 2, 0, 0, 3], dtype=uint8),
            array([3, 3, 4, 0, 4, 2, 2, 0, 2, 0, 3, 3, 4, 4, 0, 3, 3, 3, 1, 4, 2, 2,
       0, 4, 3, 0, 3, 3, 3, 3, 0, 0, 3, 4, 0, 4, 0, 1, 3, 4, 3, 3, 3, 4,
       4, 3, 2, 0, 0, 3, 2, 0, 0, 3, 4, 4, 1, 2, 2, 2, 2, 0, 3, 1, 3, 2,
       3, 3, 2, 1, 0, 4, 1, 4, 4, 2, 0, 3, 0, 4, 2, 3, 2, 3, 4, 1, 0, 0,
       0, 4, 0, 3, 4, 3, 3, 4, 1, 3, 4, 0], dtype=uint8),
            array([3, 4, 0, 0, 3, 2, 0, 3, 0, 3, 2, 2, 3, 3, 0, 0, 0, 0, 2, 3, 1, 3,
       2, 2, 2, 3, 4, 0, 2, 3, 4, 0, 0, 3, 0, 3, 3, 0, 0, 3, 0, 3, 0, 4,
       0, 3, 0, 3, 3, 4, 2, 0, 0, 3, 3, 3, 3, 3, 3, 3, 4, 3, 4, 2, 4, 0,
       4, 0, 2, 4, 2, 1, 0, 3, 2, 2, 3, 2, 2, 0, 3, 0, 2, 0, 0, 2, 0, 0,
       3, 2, 0, 3, 1, 3, 4, 3, 4, 0, 2, 3], dtype=uint8),
            array([4, 4, 0, 2, 0, 1, 0, 3, 2, 2, 1, 2, 0, 1, 0, 0, 0, 0, 4, 2, 2, 2,
       2, 1, 2, 1, 3, 2, 3, 0, 3, 1, 1, 1, 0, 2, 0, 3, 0, 1, 3, 1, 1, 3,
       1, 2, 4, 2, 2, 0, 1, 0, 0, 3, 1, 0, 0, 0, 3, 0, 1, 1, 3, 0, 1, 1,
       3, 1, 2, 1, 0, 0, 2, 0, 3, 1, 1, 2, 3, 1, 1, 0, 3, 4, 1, 2, 1, 0,
       2, 0, 2, 0, 0, 0, 0, 2, 2, 1, 1, 1], dtype=uint8),
            array([1, 0, 0, 1, 0, 0, 3, 1, 4, 1, 1, 4, 3, 0, 0, 4, 0, 0, 3, 0, 4, 0,
       4, 4, 1, 4, 4, 4, 4, 4, 2, 1, 1, 0, 1, 0, 4, 0, 3, 0, 4, 3, 0, 4,
       0, 0, 4, 3, 0, 1, 4, 0, 4, 3, 4, 0, 4, 1, 4, 3, 4, 4, 0, 3, 4, 4,
       0, 3, 0, 0, 0, 1, 0, 4, 0, 0, 3, 4, 0, 4, 3, 0, 0, 0, 3, 3, 0, 1,
       3, 3, 3, 0, 4, 3, 3, 3, 0, 0, 3, 4], dtype=uint8),
            array([4, 0, 0, 4, 4, 0, 0, 0, 0, 3, 3, 0, 3, 0, 2, 0, 3, 2, 1, 2, 2, 4,
       3, 0, 3, 3, 4, 0, 3, 2, 0, 2, 3, 3, 0, 0, 2, 3, 2, 3, 2, 1, 4, 3,
       1, 3, 3, 4, 2, 0, 1, 0, 0, 2, 3, 0, 4, 3, 0, 3, 3, 0, 4, 3, 0, 3,
       1, 3, 3, 3, 0, 3, 0, 1, 2, 2, 1, 0, 2, 0, 4, 3, 0, 0, 2, 0, 4, 3,
       3, 0, 0, 4, 4, 3, 1, 3, 3, 2, 3, 3], dtype=uint8),
            array([1, 1, 0, 1, 1, 3, 2, 1, 0, 4, 3, 3, 3, 1, 0, 0, 1, 3, 0, 3, 0, 3,
       2, 3, 0, 3, 1, 1, 4, 2, 0, 2, 3, 0, 2, 4, 2, 3, 2, 3, 1, 3, 1, 0,
       2, 1, 1, 2, 1, 2, 3, 0, 0, 2, 1, 3, 0, 2, 1, 2, 0, 0, 1, 3, 2, 3,
       2, 1, 1, 3, 1, 2, 3, 3, 0, 0, 2, 3, 4, 3, 1, 1, 0, 0, 0, 1, 0, 1,
       3, 1, 0, 0, 1, 0, 0, 3, 1, 3, 3, 1], dtype=uint8),
            array([1, 1, 3, 4, 3, 3, 4, 0, 3, 3, 2, 1, 1, 1, 1, 0, 0, 3, 1, 0, 3, 2,
       0, 1, 2, 2, 2, 0, 2, 1, 1, 2, 0, 1, 3, 4, 1, 0, 3, 1, 3, 1, 0, 1,
       2, 2, 1, 2, 2, 2, 2, 1, 3, 2, 1, 3, 0, 3, 1, 1, 0, 1, 3, 1, 1, 1,
       1, 2, 1, 3, 4, 0, 3, 1, 1, 0, 1, 1, 0, 0, 2, 0, 2, 1, 2, 0, 2, 1,
       3, 1, 3, 0, 4, 1, 3, 1, 3, 2, 2, 0], dtype=uint8),
            array([4, 1, 3, 0, 3, 2, 2, 3, 2, 0, 2, 1, 2, 3, 0, 2, 2, 1, 3, 2, 3, 2,
       1, 1, 0, 0, 1, 3, 3, 0, 3, 1, 3, 3, 0, 0, 1, 2, 1, 0, 4, 0, 0, 1,
       2, 1, 3, 3, 0, 0, 4, 4, 2, 0, 1, 0, 3, 2, 1, 2, 2, 3, 3, 3, 2, 2,
       0, 1, 1, 1, 1, 1, 1, 0, 3, 0, 0, 2, 0, 2, 2, 3, 3, 0, 2, 1, 4, 3,
       0, 2, 2, 1, 1, 3, 1, 0, 0, 1, 2, 3], dtype=uint8),
            array([1, 1, 0, 4, 0, 4, 4, 3, 0, 1, 3, 0, 0, 0, 3, 3, 0, 4, 4, 0, 4, 3,
       1, 0, 4, 1, 1, 4, 4, 0, 1, 4, 0, 0, 4, 3, 0, 3, 0, 0, 3, 4, 0, 1,
       3, 3, 4, 3, 0, 1, 3, 0, 3, 4, 4, 4, 3, 0, 4, 3, 4, 0, 4, 0, 3, 1,
       4, 0, 1, 0, 1, 3, 0, 0, 0, 4, 0, 3, 3, 4, 0, 3, 3, 4, 0, 0, 1, 0,
       4, 3, 0, 2, 0, 4, 4, 4, 1, 3, 4, 4], dtype=uint8),
            array([4, 4, 1, 4, 2, 0, 3, 1, 3, 3, 4, 0, 3, 3, 0, 1, 4, 3, 1, 2, 2, 3,
       3, 0, 3, 2, 4, 1, 3, 4, 3, 0, 0, 1, 4, 0, 2, 2, 1, 3, 0, 3, 1, 4,
       0, 1, 3, 4, 4, 1, 3, 3, 3, 1, 3, 3, 0, 3, 2, 0, 3, 0, 2, 0, 2, 2,
       0, 2, 4, 3, 2, 2, 2, 3, 1, 1, 3, 4, 3, 1, 0, 3, 1, 0, 3, 3, 0, 3,
       3, 3, 3, 1, 0, 3, 1, 2, 1, 3, 1, 1], dtype=uint8),
            array([2, 3, 3, 0, 2, 0, 1, 3, 3, 3, 3, 2, 2, 2, 1, 0, 3, 2, 3, 3, 0, 3,
       2, 3, 3, 3, 3, 3, 3, 1, 4, 3, 3, 3, 3, 3, 3, 0, 2, 3, 4, 0, 3, 3,
       0, 2, 3, 3, 4, 0, 3, 1, 3, 0, 0, 1, 3, 1, 4, 3, 3, 2, 2, 0, 0, 3,
       2, 1, 3, 4, 3, 0, 2, 2, 3, 1, 3, 0, 0, 4, 0, 3, 3, 2, 2, 3, 1, 0,
       3, 3, 3, 1, 1, 0, 4, 4, 3, 3, 3, 3], dtype=uint8),
            array([1, 3, 4, 3, 2, 2, 3, 2, 3, 2, 1, 1, 2, 2, 0, 2, 4, 2, 4, 2, 2, 2,
       3, 0, 0, 3, 4, 3, 3, 1, 1, 2, 3, 4, 4, 3, 2, 1, 4, 1, 3, 0, 3, 0,
       2, 3, 2, 3, 3, 2, 3, 4, 2, 3, 3, 2, 2, 0, 3, 3, 1, 0, 0, 2, 3, 2,
       2, 1, 1, 2, 3, 3, 2, 2, 3, 0, 1, 1, 3, 3, 2, 4, 2, 4, 3, 3, 2, 2,
       3, 1, 3, 3, 4, 3, 2, 2, 2, 3, 2, 3], dtype=uint8),
            array([1, 1, 0, 1, 1, 0, 0, 2, 3, 1, 0, 0, 4, 3, 4, 0, 2, 4, 4, 0, 4, 3,
       3, 4, 0, 2, 2, 0, 3, 0, 3, 4, 3, 4, 3, 3, 3, 0, 4, 2, 4, 4, 0, 0,
       0, 4, 4, 1, 4, 2, 4, 4, 1, 4, 1, 3, 1, 4, 3, 0, 2, 4, 1, 4, 3, 3,
       3, 0, 4, 2, 0, 0, 1, 0, 3, 4, 3, 0, 3, 1, 1, 1, 4, 0, 3, 4, 3, 0,
       1, 1, 0, 3, 4, 0, 4, 1, 0, 0, 3, 1], dtype=uint8),
            array([2, 0, 3, 4, 2, 3, 3, 0, 0, 3, 2, 3, 3, 3, 3, 3, 3, 3, 0, 0, 0, 2,
       3, 3, 2, 4, 2, 3, 0, 0, 1, 4, 3, 3, 3, 3, 1, 3, 0, 0, 2, 0, 3, 0,
       4, 1, 0, 2, 3, 0, 2, 3, 3, 2, 3, 3, 4, 1, 4, 2, 3, 3, 3, 3, 1, 3,
       4, 0, 3, 2, 0, 0, 3, 0, 0, 4, 0, 2, 4, 1, 3, 0, 3, 4, 3, 3, 3, 3,
       4, 0, 0, 3, 4, 3, 2, 3, 4, 0, 2, 3], dtype=uint8),
            array([2, 1, 1, 0, 3, 3, 0, 0, 1, 4, 3, 0, 0, 2, 1, 0, 1, 0, 4, 1, 1, 0,
       3, 0, 1, 1, 0, 1, 2, 1, 1, 1, 2, 2, 1, 1, 1, 1, 1, 1, 1, 1, 1, 1,
       0, 0, 4, 1, 4, 1, 4, 2, 0, 1, 0, 0, 2, 4, 0, 4, 2, 0, 2, 0, 0, 3,
       1, 3, 3, 4, 4, 3, 3, 3, 4, 4, 1, 4, 0, 0, 0, 1, 0, 0, 3, 4, 4, 4,
       0, 4, 2, 1, 0, 4, 4, 3, 4, 3, 0, 3], dtype=uint8),
            array([1, 4, 0, 4, 3, 0, 1, 4, 3, 0, 0, 3, 2, 0, 4, 3, 2, 3, 0, 0, 0, 2,
       3, 0, 0, 2, 2, 4, 0, 0, 1, 2, 1, 2, 0, 3, 2, 1, 3, 4, 4, 3, 3, 3,
       3, 3, 4, 2, 3, 3, 4, 3, 3, 2, 4, 2, 0, 3, 0, 2, 0, 1, 1, 0, 0, 3,
       4, 3, 3, 3, 1, 3, 4, 4, 2, 2, 4, 0, 0, 3, 3, 0, 3, 2, 2, 4, 3, 0,
       3, 0, 2, 3, 1, 0, 3, 1, 2, 4, 0, 1], dtype=uint8),
            array([0, 0, 0, 3, 3, 3, 3, 0, 3, 3, 4, 0, 4, 0, 3, 4, 2, 0, 3, 3, 0, 0,
       3, 3, 2, 2, 3, 0, 2, 3, 3, 3, 4, 3, 3, 3, 3, 4, 2, 2, 3, 2, 3, 2,
       0, 3, 0, 3, 4, 3, 0, 3, 2, 2, 3, 3, 3, 3, 0, 0, 3, 3, 0, 2, 3, 0,
       3, 4, 4, 0, 4, 4, 3, 4, 3, 4, 4, 1, 0, 4, 2, 3, 2, 3, 0, 3, 4, 4,
       3, 3, 2, 3, 3, 2, 0, 0, 4, 0, 4, 3], dtype=uint8),
            array([4, 2, 4, 4, 1, 2, 3, 3, 2, 2, 3, 3, 3, 3, 4, 1, 2, 3, 0, 3, 4, 2,
       4, 2, 2, 3, 2, 2, 3, 4, 0, 1, 3, 3, 4, 4, 3, 2, 3, 2, 3, 0, 2, 3,
       1, 3, 3, 3, 1, 4, 4, 4, 3, 0, 2, 4, 4, 3, 0, 2, 2, 3, 2, 2, 2, 3,
       2, 3, 0, 3, 3, 2, 0, 2, 1, 2, 3, 0, 1, 0, 3, 2, 2, 2, 3, 0, 3, 0,
       0, 2, 3, 3, 3, 0, 1, 3, 2, 2, 1, 2], dtype=uint8),
            array([2, 0, 2, 3, 4, 2, 0, 3, 2, 4, 3, 3, 3, 2, 0, 2, 3, 3, 0, 0, 2, 1,
       4, 0, 3, 0, 1, 3, 3, 2, 1, 3, 3, 3, 4, 2, 0, 4, 1, 2, 1, 4, 3, 2,
       2, 2, 3, 3, 0, 3, 3, 3, 4, 3, 2, 0, 3, 4, 2, 2, 4, 3, 2, 2, 3, 3,
       3, 2, 3, 3, 1, 1, 2, 4, 2, 3, 3, 1, 1, 0, 1, 3, 2, 0, 3, 0, 2, 1,
       4, 0, 3, 2, 0, 4, 3, 2, 0, 2, 3, 2], dtype=uint8),
            array([4, 4, 1, 1, 0, 3, 1, 0, 4, 1, 4, 0, 3, 3, 4, 1, 4, 4, 4, 3, 0, 3,
       1, 3, 4, 4, 4, 1, 4, 3, 0, 4, 3, 0, 0, 0, 2, 0, 4, 3, 3, 3, 3, 4,
       0, 0, 3, 0, 0, 4, 2, 3, 3, 0, 3, 4, 3, 4, 3, 4, 3, 4, 1, 4, 1, 0,
       3, 3, 4, 0, 0, 0, 4, 4, 0, 4, 1, 4, 4, 0, 0, 2, 4, 4, 4, 1, 3, 3,
       4, 4, 0, 4, 4, 1, 1, 1, 4, 3, 2, 0], dtype=uint8),
            array([4, 1, 1, 0, 0, 3, 2, 4, 1, 3, 0, 1, 4, 2, 0, 3, 1, 3, 1, 3, 0, 0,
       0, 0, 4, 1, 0, 0, 3, 3, 4, 1, 4, 0, 4, 4, 3, 4, 4, 4, 0, 0, 0, 1,
       0, 4, 0, 0, 3, 4, 1, 0, 3, 3, 4, 0, 1, 3, 3, 4, 1, 0, 0, 3, 4, 4,
       1, 3, 0, 4, 0, 3, 4, 0, 4, 1, 3, 0, 0, 3, 3, 1, 0, 0, 3, 4, 0, 3,
       4, 1, 3, 4, 4, 4, 4, 3, 0, 1, 0, 1], dtype=uint8),
            array([0, 4, 1, 0, 0, 4, 4, 4, 0, 3, 0, 3, 1, 0, 0, 1, 0, 3, 0, 4, 4, 0,
       3, 1, 0, 4, 0, 4, 3, 0, 4, 4, 0, 0, 0, 3, 3, 4, 4, 0, 0, 4, 0, 1,
       3, 4, 3, 0, 3, 4, 3, 0, 4, 4, 0, 0, 1, 0, 4, 3, 0, 4, 3, 1, 4, 4,
       0, 0, 4, 0, 1, 4, 3, 4, 4, 3, 3, 3, 0, 3, 0, 0, 3, 1, 0, 4, 3, 4,
       3, 4, 4, 4, 4, 0, 0, 0, 4, 0, 0, 4], dtype=uint8),
            array([4, 4, 2, 2, 3, 3, 2, 1, 4, 3, 3, 2, 3, 2, 1, 3, 2, 2, 2, 3, 4, 3,
       3, 3, 0, 2, 3, 3, 2, 0, 3, 2, 3, 3, 1, 3, 0, 4, 3, 3, 3, 3, 2, 3,
       3, 3, 0, 3, 1, 1, 3, 2, 2, 2, 1, 1, 3, 2, 3, 3, 2, 0, 3, 1, 4, 3,
       0, 2, 2, 0, 4, 2, 3, 1, 3, 0, 3, 3, 3, 2, 3, 3, 3, 4, 1, 4, 1, 4,
       0, 3, 2, 3, 2, 0, 0, 2, 3, 3, 2, 4], dtype=uint8),
            array([1, 0, 0, 2, 1, 2, 1, 0, 1, 1, 0, 0, 1, 0, 2, 3, 2, 0, 4, 3, 0, 3,
       4, 3, 3, 1, 0, 4, 0, 3, 3, 4, 0, 3, 4, 4, 1, 3, 1, 0, 0, 2, 4, 0,
       2, 3, 3, 0, 4, 3, 3, 0, 1, 0, 0, 4, 3, 4, 4, 0, 4, 0, 1, 2, 3, 4,
       4, 0, 4, 3, 0, 4, 0, 0, 0, 0, 1, 1, 3, 3, 0, 3, 0, 0, 4, 1, 1, 3,
       1, 3, 3, 0, 3, 0, 4, 4, 0, 1, 4, 0], dtype=uint8),
            array([0, 3, 2, 2, 0, 0, 3, 3, 0, 4, 2, 4, 3, 3, 3, 0, 3, 3, 3, 3, 0, 2,
       2, 2, 3, 3, 3, 3, 0, 4, 3, 3, 2, 2, 0, 4, 3, 3, 0, 3, 3, 0, 2, 4,
       0, 3, 0, 0, 2, 4, 3, 3, 0, 3, 0, 0, 2, 0, 3, 3, 4, 3, 4, 2, 3, 3,
       4, 0, 4, 2, 0, 2, 4, 0, 0, 0, 2, 2, 3, 0, 4, 3, 2, 3, 4, 0, 4, 3,
       0, 0, 3, 3, 2, 0, 3, 3, 2, 0, 3, 2], dtype=uint8),
            array([3, 2, 0, 3, 2, 3, 1, 3, 4, 2, 4, 3, 1, 0, 3, 4, 4, 2, 1, 3, 3, 3,
       3, 3, 3, 3, 3, 1, 1, 2, 1, 0, 4, 2, 3, 4, 3, 0, 0, 3, 3, 3, 3, 3,
       2, 0, 3, 0, 2, 3, 0, 3, 2, 3, 4, 1, 0, 3, 2, 0, 0, 0, 2, 3, 1, 3,
       3, 1, 3, 2, 3, 1, 2, 0, 1, 3, 3, 2, 3, 2, 3, 3, 4, 3, 2, 3, 3, 3,
       1, 0, 0, 3, 0, 3, 3, 1, 1, 1, 1, 2], dtype=uint8),
            array([1, 1, 2, 0, 1, 3, 4, 2, 0, 3, 4, 4, 1, 1, 3, 0, 0, 3, 0, 3, 0, 3,
       4, 4, 4, 2, 2, 3, 4, 0, 3, 3, 3, 1, 0, 0, 4, 3, 1, 3, 0, 1, 3, 0,
       0, 4, 0, 2, 4, 1, 0, 4, 3, 4, 4, 4, 0, 3, 3, 3, 3, 0, 4, 1, 3, 0,
       1, 3, 0, 1, 3, 1, 1, 0, 2, 3, 0, 4, 4, 0, 0, 4, 3, 0, 1, 4, 3, 4,
       4, 1, 0, 4, 4, 0, 1, 1, 0, 3, 4, 3], dtype=uint8),
            array([1, 1, 2, 1, 1, 2, 0, 2, 0, 1, 1, 0, 0, 1, 3, 1, 2, 0, 1, 2, 0, 0,
       0, 1, 1, 1, 0, 1, 0, 1, 1, 1, 2, 3, 4, 3, 4, 1, 3, 0, 0, 1, 4, 3,
       3, 1, 4, 3, 3, 4, 3, 3, 3, 0, 0, 4, 0, 1, 0, 3, 3, 4, 1, 3, 4, 3,
       4, 1, 1, 0, 1, 1, 0, 0, 1, 1, 0, 3, 1, 4, 0, 1, 0, 3, 3, 4, 1, 3,
       4, 1, 4, 3, 0, 4, 0, 0, 3, 0, 1, 0], dtype=uint8),
            array([1, 4, 0, 2, 0, 4, 3, 0, 4, 0, 2, 0, 4, 3, 2, 0, 4, 3, 3, 0, 3, 4,
       4, 3, 4, 2, 3, 2, 0, 3, 4, 0, 3, 3, 0, 4, 0, 0, 4, 3, 2, 3, 4, 4,
       4, 2, 0, 4, 2, 3, 2, 4, 3, 2, 4, 3, 4, 0, 4, 2, 0, 0, 0, 2, 4, 4,
       3, 3, 3, 3, 4, 3, 0, 2, 0, 2, 3, 3, 3, 2, 3, 3, 0, 0, 1, 0, 3, 4,
       3, 0, 3, 0, 3, 2, 3, 0, 3, 0, 0, 0], dtype=uint8),
            array([4, 2, 3, 0, 3, 4, 4, 2, 3, 3, 2, 2, 4, 3, 0, 3, 2, 4, 2, 3, 3, 3,
       4, 2, 0, 0, 4, 0, 2, 3, 1, 4, 3, 4, 0, 2, 1, 0, 0, 0, 1, 3, 3, 0,
       1, 1, 3, 4, 0, 0, 3, 3, 3, 3, 3, 3, 4, 2, 0, 3, 3, 3, 3, 2, 0, 3,
       3, 4, 0, 3, 2, 3, 1, 3, 0, 0, 3, 0, 1, 0, 3, 3, 3, 1, 2, 2, 3, 2,
       3, 1, 3, 4, 0, 2, 3, 3, 3, 3, 0, 3], dtype=uint8),
            array([4, 4, 1, 3, 1, 3, 2, 3, 4, 2, 3, 3, 3, 2, 3, 3, 4, 2, 0, 3, 3, 3,
       2, 1, 4, 1, 3, 2, 3, 2, 4, 2, 4, 1, 2, 4, 3, 1, 0, 2, 3, 4, 3, 3,
       3, 0, 0, 0, 2, 2, 3, 2, 2, 3, 0, 4, 0, 2, 3, 2, 1, 3, 4, 3, 3, 3,
       2, 2, 2, 2, 3, 0, 2, 3, 3, 0, 3, 0, 2, 2, 3, 3, 2, 4, 1, 3, 3, 3,
       3, 3, 2, 3, 2, 1, 2, 1, 3, 1, 0, 2], dtype=uint8),
            array([0, 3, 1, 0, 3, 4, 0, 0, 0, 1, 0, 0, 4, 0, 4, 4, 4, 1, 0, 3, 4, 0,
       1, 4, 3, 3, 4, 1, 0, 1, 4, 0, 0, 4, 4, 2, 0, 0, 3, 1, 1, 3, 4, 3,
       4, 4, 4, 0, 0, 0, 3, 0, 0, 0, 0, 4, 1, 4, 1, 4, 0, 3, 4, 0, 1, 0,
       3, 0, 3, 4, 1, 4, 0, 4, 0, 4, 1, 3, 0, 3, 4, 3, 0, 1, 0, 0, 4, 3,
       1, 0, 0, 0, 0, 0, 1, 3, 1, 3, 0, 0], dtype=uint8),
            array([1, 4, 1, 1, 4, 3, 0, 2, 0, 4, 3, 2, 2, 3, 0, 3, 2, 3, 3, 0, 1, 2,
       4, 3, 3, 1, 3, 3, 2, 1, 3, 0, 3, 3, 3, 2, 4, 0, 3, 2, 3, 1, 0, 2,
       3, 2, 4, 3, 3, 2, 2, 2, 3, 2, 3, 3, 3, 2, 4, 2, 3, 2, 0, 2, 3, 3,
       0, 2, 3, 0, 2, 0, 3, 2, 3, 1, 3, 3, 3, 0, 2, 2, 3, 3, 4, 4, 2, 2,
       3, 2, 2, 0, 2, 0, 0, 4, 3, 2, 2, 2], dtype=uint8),
            array([4, 4, 1, 0, 4, 3, 4, 4, 0, 1, 4, 0, 1, 1, 0, 1, 1, 1, 0, 0, 0, 0,
       0, 3, 2, 4, 3, 1, 0, 1, 3, 4, 0, 0, 0, 4, 4, 4, 4, 4, 4, 3, 0, 4,
       0, 4, 3, 0, 2, 4, 1, 3, 4, 3, 1, 4, 4, 4, 4, 3, 0, 0, 4, 3, 0, 1,
       0, 3, 4, 0, 3, 4, 0, 0, 0, 3, 1, 4, 2, 4, 4, 0, 0, 4, 3, 4, 4, 4,
       0, 1, 4, 3, 3, 0, 1, 3, 0, 0, 4, 0], dtype=uint8)]}